CASRN	Uterotrophic LEL	PhysChem Properties fu	PhysChem Properties MW, Molecular Weight	PhysChem Properties CLint	PhysChem Properties MP	PhysChem Properties pKa_ionization	PhysChem Properties LogD, pH 7.4
98-09-9	NA	0.148491081376443	175.96987808	0.997137494864766	28.8225949268568	0.0	0.952413492947896
75-26-3	NA	0.400057203340561	121.973112324	1.12852002144293	-101.797955550511	0.0	2.13189853391986
50-06-6	NA	0.471929852139386	232.084792244	-5.81581988412542	178.363848610173	1.0	1.2458891373141
525-82-6	NA	0.0210534387916187	222.06807956	0.775378493353265	113.563205246456	0.0	3.57062662980741
3970-62-5	NA	0.532139658210179	116.120115132	1.20471857366098	-40.5838313249811	1.0	2.20622542202001
64675-10-1	0.01	0.196190047259452	424.261359632001	0.964667757044926	97.8554240714236	0.0	6.19380892173131
1647-16-1	NA	0.0182358131284205	138.140850576	-0.522708380584792	-107.021304508551	0.0	5.03872158097628
144-55-8	NA	0.876605260517889	62.000393924	1.27508840626517	126.532608601815	1.0	-6.81921997595059
56-53-1	4.4500000000000003E-4	0.0227515149863834	268.14632988	1.03471617286365	161.463157759546	1.0	4.80863486932082
13311-84-7	NA	0.0486790408732428	276.072176872	1.30552998566528	145.907164584261	1.0	3.30411407732436
77-40-7	110.0	0.0316375455130575	242.130679816	1.46281620133353	137.188047056706	1.0	3.76389876898391
56-38-2	NA	0.00548519338794084	291.033030178	0.916188365584544	18.9701370041182	1.0	2.94069222628189
68047-06-3	1.6E-4	0.0337425712801043	387.219829168001	1.04296523885916	177.975986823143	1.0	5.45317406262558
10161-33-8	NA	0.141358592502154	270.161979944	1.58020349088881	152.531917553076	1.0	3.14189920506093
68359-37-5	NA	0.0112057858619266	433.064777016001	0.864890694349176	68.4396839408897	1.0	5.38363578766158
330-55-2	NA	0.142086107376962	248.01193292	1.42112413092697	95.1944294711009	1.0	3.05311209910836
66-81-9	NA	0.625647097488853	281.162708216001	0.251472334537881	130.249771417318	1.0	0.228774924668028
2550-26-7	NA	0.126395329219663	148.088815004	1.55585117030137	-6.73469252053385	0.0	2.38097792006512
50-78-2	NA	0.346567030046296	180.042258736	-1.19848806003064	126.188825976372	1.0	-1.90228029011341
50-55-5	3.0	0.0147332407004154	608.273380860001	1.07043481996875	256.763963610859	1.0	4.04518861750083
39670-09-2	NA	0.747631478616421	246.146723804	0.626677661708515	-26.7362168371262	0.0	1.70644783811071
64-17-5	NA	0.996756788288509	46.041864812	1.13824804451743	-109.622510099647	1.0	-0.288872500806164
27314-13-2	NA	0.16508491900131	303.038624248	0.777198472796027	66.9587699919447	1.0	2.4313875815468
10563-29-8	NA	0.807770441179279	159.173547672	-1.10477975188483	-2.19506979624418	1.0	-4.26516012520133
94-13-3	65.0	0.0874480355492351	180.078644244	1.58007497112315	90.2038018165926	1.0	2.76679377775617
1820573-27-0	NA	0.0112057858619266	433.064777016001	0.864890694349176	68.4396839408897	1.0	5.38363578766158
96-48-0	NA	0.924478092416704	86.036779432	1.12424036606662	-28.7295565677871	0.0	-0.52745765970838
2467-02-9	20.0	0.0355157740420424	200.083729624	0.968194224008893	121.522082089726	1.0	3.40062432907138
51-24-1	1000.0	0.148708085966775	621.763502768	-3.24745946171934	184.067696706339	1.0	3.82630978745485
427-51-0	NA	0.0353065828190076	416.175437088001	1.19140895519539	177.939897364224	0.0	3.40505485426219
1563-66-2	NA	0.381195240732673	221.10519334	-5.6424518812048	138.279335185303	1.0	1.47890704639015
78-93-3	NA	0.916842232075308	72.057514876	1.14172031076111	-80.003775754864	0.0	0.390448040609287
96568-04-6	NA	0.268223149251739	278.986526696	0.69631606960016	78.4872124681927	1.0	1.96596421139605
127-18-4	NA	0.023412300676046	163.87541072	1.05936737535052	-16.758425445719	0.0	3.36986919275351
50-29-3	NA	0.230666204034105	351.914688688	0.560009444929036	104.612877397871	0.0	6.91244038734731
50-21-5	NA	0.986994180075979	90.031694052	1.25864943877067	45.6135724032897	1.0	-4.28397009279836
40487-42-1	300.0	0.00249446941933228	281.137556088001	0.595198653454663	61.8442052379072	1.0	5.05818225928756
51-98-9	NA	0.187190507246	340.203844756001	0.925561636929717	159.938422473036	0.0	3.57907349485999
1912-24-9	NA	0.113737601194902	215.093773128	0.837922962625529	181.3887584879	1.0	2.68747804606111
4659-45-4	NA	0.0369835912421797	207.924947756	1.04924068486501	30.6766716687715	0.0	3.58372638006329
99-76-3	55.0	0.104495022767584	152.047344116	1.97496783724311	104.119679979398	1.0	1.88312586518502
446-72-0	32.81481481481482	0.019200824684833	270.05282342	1.24335594562492	283.014113734778	1.0	2.95741613445684
118-58-1	3.7	0.0390142424832193	228.078644244	-0.408152770684138	67.1515731140907	1.0	3.09702309825526
98-36-2	NA	0.215120912093374	206.975691732	-0.935295788644948	167.789433026977	1.0	-4.91044460956058
108-83-8	NA	0.206070147985991	142.135765196	-0.18116586907193	-21.2155895333315	0.0	3.2781944619997
67-63-0	NA	0.993917545736917	60.057514876	1.13611214395556	-96.9517771157841	1.0	0.1857955846446
64675-08-7	1.56E-4	0.196190047259452	424.261359632001	0.964667757044926	97.8554240714236	0.0	6.19380892173131
66230-04-4	NA	0.0100582301225959	419.128821244001	0.366411361991154	61.7746978739446	1.0	6.05665436192885
7696-12-0	NA	0.0246247610209524	331.178358280001	1.24438779132831	70.5626153599999	1.0	4.50703287014436
89-86-1	NA	0.560192560401509	154.026608672	-1.32101652324559	196.378097642704	1.0	-2.09590794823341
84371-65-3	NA	0.0215651001385741	429.266779360001	1.19385414559355	125.469421348622	1.0	5.0101716261819
64-19-7	NA	0.978944633482535	60.021129368	1.26895728511129	114.391416862406	1.0	-3.6409048408823
97-54-1	NA	0.0630817376942125	164.083729624	1.68385264893842	13.2843050050264	1.0	2.78142820946752
133-07-3	NA	0.0235291142512182	294.902832408	-0.400654401728693	150.72330006524	1.0	-0.839037707898017
96-41-3	NA	0.849592389071495	86.07316494	1.13685267974513	-16.7745469220988	1.0	0.88656639065838
56-81-5	NA	0.98691833428049	92.047344116	1.14333292903239	38.196055564623	1.0	-1.78836431389183
106-50-3	NA	0.620956530145361	108.068748256	-5.17398155693874	111.269312319356	1.0	-0.219746001351312
21087-64-9	NA	0.505179910795751	214.088832068	0.0966797093942865	127.421624458307	1.0	1.70267049788439
1806-26-4	100.0	0.00523244607287282	206.167065324	0.639788954654676	53.0332700841509	1.0	5.18751894290259
111-68-2	NA	0.726132496611583	115.136099544	1.04610491364958	-23.6007892285829	1.0	-0.778513440456316
50-28-2	0.10713994008333337	0.0290834877095269	272.177630008	1.39642270805041	196.659245600202	1.0	3.90756242587021
446-35-5	NA	0.0641400946674175	159.013184776	1.08126519466412	3.58747942121094	1.0	1.96390124424511
911-45-5	0.001	0.064256324271735	405.185942196001	-0.450765793381594	86.4496129322803	1.0	4.60252317011387
298-46-4	NA	0.349573858077823	236.094963004	-5.33766354440244	189.491586400605	1.0	2.46407724089902
105-30-6	NA	0.624414174767753	102.104465068	-3.39410083995131	-43.2903581014614	1.0	1.85256629464461
84-61-7	NA	0.0232921503721617	330.183109312001	-0.683272060559225	70.6375052554465	0.0	5.83394166902805
108-95-2	NA	0.743184745957275	94.041864812	1.00338727581548	35.3147636896163	1.0	1.57428985516949
1462-55-1	NA	0.0183324232097873	246.20173658	-0.0145159631446987	5.4991321417803	1.0	5.49162109939179
140-72-7	NA	0.0273691149203372	304.300425216001	0.985867828921236	55.9737487050755	1.0	2.78997932866315
119-36-8	NA	0.185608320735949	152.047344116	0.924579302160688	5.97549243079505	1.0	2.29449318381417
625-69-4	NA	0.926873010415873	104.083729624	1.04180003784828	71.4789484399081	1.0	0.0138251859413414
110-16-7	NA	0.922673897048433	116.010958608	-1.06788749117497	148.18811269424	1.0	-4.47240860999307
965-93-5	NA	0.144024653032338	284.177630008001	1.12517152589155	145.064028478168	1.0	3.03035735104067
67-64-1	NA	0.935439242830292	58.041864812	1.13578437424994	-88.7916194668152	0.0	-0.0632755943938041
1569-01-3	NA	0.624224435867203	118.099379688	0.614658822894895	-62.1929598545651	1.0	0.585320028915143
108-88-3	NA	0.328498387549209	92.062600256	1.12855263046728	-66.9834576731058	0.0	2.65301574834325
619-66-9	NA	0.421800234207079	150.031694052	-1.02299160337748	147.873483682475	1.0	-2.55836933744549
140-66-9	152.0	0.0207404436535219	206.167065324	1.34301132834353	70.8334794442342	1.0	4.86585009299426
36734-19-7	NA	0.00698265820001514	329.033396636	1.08778497178471	135.886301631069	2.0	-0.491189036370405
151-21-3	NA	0.166687467068145	266.155180312	-0.719741066859018	185.726322038544	1.0	1.67181450244502
26538-44-3	0.03	0.154928994934607	322.178023932001	1.40426211745448	110.526272364691	1.0	3.30760994236458
84-75-3	NA	0.438654753322983	334.214409440001	-0.556925585819576	-47.1138220487877	0.0	6.41288682589957
55-98-1	NA	0.911487754245161	246.023180168	0.311906392972609	47.2483606575898	0.0	-0.363283324825559
72-55-9	NA	0.192776613912299	315.938010976	-1.23182557609033	89.900166740222	0.0	6.45815946824038
68-22-4	11.0	0.161573004513264	298.193280072001	1.46999921144714	199.960496316922	1.0	2.94692050533594
39236-46-9	NA	0.908678167467922	388.109109472	-5.58150883723129	147.801570108457	1.0	-3.20528509926221
129453-61-8	NA	0.0151673255358898	606.316607464001	-0.603015369656989	222.226877909869	1.0	9.96111966522
23135-22-0	NA	0.807243498259012	219.067762276	-6.61144128345202	105.230779867933	1.0	-0.53793297549748
542-76-7	NA	0.573424095931462	89.003226808	1.13683398489245	-47.7500444558759	1.0	0.300620447101774
71030-11-0	0.8	0.038214459732299	320.162373868001	1.42887240955284	110.65869971034	1.0	3.72056853252898
60207-90-1	NA	0.0316281169857131	341.069782144	-3.03883603621989	82.6256904276047	1.0	3.54558305371635
140-31-8	NA	0.822658172102109	129.12659748	1.24015399834105	15.0069199247527	1.0	-3.15668688907567
3121-61-7	NA	0.899158147942022	130.06299418	0.701731428907521	-57.3880823794115	0.0	0.502818310484966
549-18-8	NA	0.0682532380933272	277.183049736001	-0.274186198090852	185.288612819495	1.0	2.3419422274935
112-57-2	NA	0.88951137375659	189.195345736	-2.4246107564591	-20.6667763112698	1.0	-2.5905164474694
520-36-5	5.0	0.015669296620882	270.05282342	1.46618757475054	310.338115568951	1.0	2.97946830601865
480-40-0	NA	0.0294390602457296	254.0579088	1.40082029670821	279.367056733388	1.0	3.34541263947488
76-43-7	NA	0.0520816541720246	336.210073008001	1.41591320425334	267.281315751995	1.0	2.42798679769583
35212-22-7	200.0	0.0793348440795753	280.109944372	-0.687560310438538	90.4058298293367	0.0	4.3943931462807
51630-58-1	NA	0.0100582301225959	419.128821244001	0.366411361991154	61.7746978739446	1.0	6.05665436192885
98-07-7	NA	0.128090625081275	193.9456832	1.03022011377128	26.7346822776945	0.0	4.10315558944052
111-27-3	NA	0.414959732445954	102.104465068	0.389555569313408	-58.2585872201849	1.0	1.95651953728369
43141-69-1	NA	0.0120225056339742	221.177964356	1.28364179405927	66.6013972822056	2.0	2.89901727501281
50-27-1	0.0018440000000000002	0.150306483588685	288.172544628001	1.15286366243659	270.139308668513	1.0	2.63492519571995
108-77-0	NA	0.700360061157788	182.91578004	1.08347084761322	144.350934165419	1.0	1.86680882977058
117-81-7	NA	0.886275388028299	390.277009696001	-0.301722475265398	-27.1123396535404	0.0	7.65844716675284
88-18-6	NA	0.0803930713255781	150.104465068	-2.96647577952347	18.9708710957447	1.0	3.32837571156638
996-35-0	NA	0.962103929252671	87.104799416	1.13932240582764	-148.488281382514	1.0	-1.70357096355549
70-30-4	NA	0.075090876017992	403.849895512	1.11432205241449	166.999627512492	1.0	7.26839541024663
143-50-0	6.0	0.0102659067272832	485.68344142	1.13128220282815	253.094779355676	0.0	5.49302535395794
1119-62-6	NA	0.819340631856502	210.0020508	-2.20971189830761	229.793046862942	1.0	-2.02124202156205
17924-92-4	6.1	0.0378339568472508	318.146723804001	-0.0206478197649831	165.680740012962	1.0	3.73602554026628
56-75-7	NA	0.420118552696548	322.012326844	-0.121110544101353	157.264416612015	1.0	1.09296497250351
119-61-9	500.0	0.0586695440892084	182.07316494	0.642265074440896	59.005299153745	0.0	3.27814066334076
1623-08-1	NA	0.0167852289304096	278.07079559	0.66394218268661	71.9586207293471	1.0	1.25521776881764
638-29-9	NA	0.384448141279957	120.034192588	1.06469878586893	-93.9156210575003	0.0	1.25337073800745
84-74-2	NA	0.038643106386971	278.151809184001	0.560537038156052	-11.5860295928282	0.0	4.50979778562186
72-33-3	1.7266666666666667E-4	0.0246767359341491	310.193280072001	1.21736740355877	158.769428472674	1.0	4.0480820366512
17804-35-2	NA	0.0967614505795535	290.137890436	1.72307518326547	183.853338841037	2.0	1.55717084156476
90-05-1	NA	0.42922991397771	124.052429496	-4.03119389628873	24.2172813248429	1.0	1.2632135491613
67747-09-5	NA	0.0217339900342066	375.030809792	1.155651685302	55.9785466594479	1.0	3.87283478150296
2921-88-2	NA	0.00741607511699577	348.926283882	0.586785148666818	41.9042913822832	1.0	4.851845620755
69-72-7	NA	0.243214999705507	138.031694052	0.606480436650255	161.280308255152	1.0	-3.24636452315403
63612-50-0	NA	0.0758610861037591	317.06234046	0.695432088307938	203.534402278901	2.0	-1.89395866133548
98319-26-7	NA	0.0790174110809369	372.277678392001	-0.428276518088136	243.959403663539	2.0	2.6436193463463
52645-53-1	800.0	0.00428438958843214	390.078949860001	1.4288080259627	50.7978456750954	0.0	6.40749887021032
584-13-4	NA	0.945343546761149	84.043596128	1.12047153780022	86.9866796530103	1.0	-0.24743333163091
66332-96-5	NA	0.0470206727699278	323.113313412	0.916271979304413	107.977451166127	1.0	3.82618282893154
131-56-6	466.73274066666664	0.0323469749479545	214.06299418	0.41413122434368	142.661112894774	1.0	2.48762170750542
94-26-8	402.5	0.0727822256630401	194.094294308	1.52993761608242	79.0138257338047	1.0	3.22902276425867
80-05-7	221.8108108108108	0.107294987691578	228.115029752	1.24378945030492	144.678994485729	1.0	3.34699944958867
25154-52-3	72.72727272727273	NA	NA	NA	NA	NA	NA
103-83-3	NA	0.548670885808556	135.104799416	0.411935323037323	-38.1141336996029	1.0	0.605520415951677
50-41-9	2.0	0.064256324271735	405.185942196001	-0.450765793381594	86.4496041103585	1.0	4.60252317011387
36455-72-8	0.01	0.038214459732299	320.162373868001	1.42887240955284	124.944486097998	1.0	3.72056853252898
1071-83-6	NA	0.957994281900565	169.014008986	-5.66082911775042	185.992960578787	1.0	-13.2957803729585
497-19-8	NA	0.876605260517889	62.000393924	1.27508840626517	126.532629914775	1.0	-6.81921997595059
103-23-1	NA	0.0377340315241892	370.308309824001	1.17678036888074	-61.7850101480661	0.0	6.85100972719377
57-30-7	NA	0.558580076769361	232.084792244	-1.14078159844325	178.043184111677	1.0	0.647435699655758
71-58-9	NA	0.0992598055945058	386.245709568001	1.22900347720795	187.193188176889	0.0	3.33326002676627
58-22-0	0.2	0.356251135321149	288.208930136001	1.34053663892265	152.611519456751	1.0	3.24791737845027
6171-48-8	0.005	0.0455622994271788	286.193280072001	1.25465252127306	197.867298787947	1.0	3.67930304302894
149-30-4	NA	0.0164074827158024	166.98634116	1.26043036408692	173.106917197158	2.0	0.242360502555893
99-96-7	NA	0.587071441941206	138.031694052	-1.1310808485056	193.352268026505	1.0	-1.39664243414423
67-66-3	NA	0.0665038712964423	117.914383072	1.09075854424829	-66.904889362901	0.0	1.96719566491522
84-16-2	1.0E-4	0.0147664551648973	270.161979944	0.136291758426843	163.527196101965	1.0	4.12181185689531
98-54-4	99.62468487999999	0.0947671683153366	150.104465068	1.3979711965926	72.5654199100994	1.0	3.32068944395142
22248-79-9	NA	0.0213692367820179	363.899256118	0.0593541585393106	84.0387431740619	0.0	3.6011668490157
1115-47-5	NA	0.519118456866934	191.061614276	-0.836932720675484	109.037136917071	1.0	-1.12859164039079
94-18-8	0.16	0.0397425873968475	228.078644244	1.43211791426398	159.732512917415	1.0	3.23597697377259
56470-64-5	0.0025	0.092215197290717	438.277009696001	1.02500675896818	97.9722255016754	0.0	6.90690528178587
2004-03-7	NA	0.753658850292069	134.059246192	1.14918063741087	189.203093649048	1.0	0.361634415772049
52-01-7	NA	0.0789283531639818	416.202130504001	0.892009879846918	206.598633741556	0.0	2.87371829795785
77-06-5	1.0E-4	0.248192293177374	346.141638424001	-6.78575616250067	232.960880664758	1.0	-1.72757901184086
480-16-0	NA	0.0464598897211721	302.04265266	0.404323232831466	285.679731076399	1.0	-0.449102008842873
124-07-2	NA	0.233743065583915	144.115029752	-3.27600437706297	12.6558589066641	1.0	-1.17059040092872
122-34-9	NA	0.254971433752691	201.078123064	0.837662890297258	215.515428339246	1.0	2.15485531642469
53-16-7	0.5731048571428571	0.04766133241126	270.161979944	1.40625145882378	251.671999235619	1.0	3.27033430902319
57-91-0	1.2	0.0290834877095269	272.177630008	1.39642270805041	196.659245600202	1.0	3.90756242587021
131-55-5	354.9643123166666	0.0157333346433666	246.05282342	1.34789801222955	210.793464899524	1.0	2.77288278655454
52806-53-8	NA	0.0728440306727544	292.067091492	-1.0027945427325	191.259616213407	1.0	2.24668188619456
599-64-4	110.0	0.066608408281646	212.120115132	-0.440665331075076	70.9917346877116	1.0	3.92704026516028
51-28-5	NA	0.0408631574821909	184.012021228	-6.66461979305513	117.908757030845	1.0	-0.742025373409759
23950-58-5	NA	0.0786836035705654	255.021769332	0.735048993253037	152.782106264115	1.0	3.32342433328661
80-55-7	NA	0.869392255342079	132.078644244	-5.77756856206923	-40.4827055223122	1.0	-0.151195421058655
609-14-3	NA	0.792167663344086	144.078644244	0.755045756803783	-33.2291493658518	0.0	0.795186785356033
76-03-9	NA	0.57270286271001	161.904212312	1.30787716868271	54.9992232174056	1.0	-4.87931668330993
13194-48-4	NA	0.0953980161251503	242.056408478	0.493792217019357	-11.2201916081396	0.0	3.42684769182643
58-18-4	10.005075443333334	0.498223426537033	302.224580200001	1.3869934546656	157.656031181769	1.0	3.43427900415286
12427-38-2	NA	0.609912905288321	211.957032256	-1.82433962696087	172.00986448964	1.0	-4.80117190592901
1582-09-8	NA	0.00752330796124345	335.109290652	0.936096195618764	55.3411695125561	1.0	1.71021034538657
104-76-7	NA	0.244242698744495	130.135765196	0.652644735164277	-64.7047520424886	1.0	2.90302685282783
61-82-5	NA	0.947735543496244	84.043596128	1.12812362455395	152.444668620439	1.0	-1.02070713109164
37482-11-4	NA	0.669942967274291	78.013935812	1.13879051014157	18.7865184521734	1.0	-0.38142896985541
79-20-9	NA	0.987568302840206	74.036779432	1.13683970751245	-90.7223974318379	0.0	0.146519242353523
1897-45-6	NA	0.00410609527800188	263.88155872	1.29496651032276	238.999012510506	1.0	2.52867183034418
84-66-2	NA	0.216182786771135	222.089208928	1.45674910457363	9.16972872830891	0.0	2.36526238238532
65277-42-1	NA	0.0627834006046391	530.148760736001	1.30308622590648	145.414539509251	1.0	3.85064087804195
108-90-7	NA	0.214235162033005	112.00797784	1.06508146241504	-28.0837700464138	0.0	2.83264142727058
72-43-5	68.5	0.00404518010933215	344.01376276	2.0553970024702	84.6363078441074	0.0	5.09323632528772
62-76-0	NA	0.986162231797688	89.995308544	1.2129441728734	141.553417765373	1.0	-7.63962741056189
501-36-0	NA	0.0875024775308927	228.078644244	-0.0388208067983482	246.191327269571	1.0	3.30676266825836
51-18-3	NA	0.43647039492707	204.112344384	-0.355657041102038	100.441362517426	1.0	1.42903272551678
93-99-2	NA	0.029050729698348	198.06807956	-0.985390433631735	62.7962982967678	0.0	3.47090295645155
471-34-1	NA	0.876605260517889	62.000393924	1.27508840626517	126.532390236988	1.0	-6.81921997595059
50471-44-8	NA	0.533480239595192	284.995948508	1.24041308649822	109.936301381589	1.0	3.21205050380598
104-75-6	NA	0.610263720011027	129.151749608	0.655394471642626	-43.3835255905871	1.0	-0.493410984519114
53-70-3	NA	0.128507642223289	278.109550448	0.818833038569654	271.5	0.0	6.77524077742728
3380-34-5	7.5	0.0211077953669716	287.951162504	1.49790794205914	68.9957914306054	1.0	4.92360645368632
107-93-7	NA	0.916502874040141	86.036779432	1.26366806670169	47.1524711923666	1.0	-1.84118823024942
797-63-7	20.0	0.0412414050260315	312.208930136001	1.54113908029025	213.416034138667	1.0	3.0663094318324
82640-04-8	0.5	0.032642737882725	473.166079344001	1.12623076922134	196.654285666095	1.0	4.74412085874542
97-00-7	NA	0.0324706066615466	201.978134256	1.27649993981103	64.2680485490013	1.0	1.09044296253534
5153-25-3	200.0	0.0169748053087492	250.156894564	1.08869781358425	64.8531955824409	1.0	4.01789261391105
143-07-7	NA	0.135025605611015	200.177630008	-3.60791966284433	41.0447889103573	1.0	2.38610651553851
60168-88-9	NA	0.0427189801351619	330.032668364	0.440471555279272	119.046035334043	1.0	3.24014065365083
113-48-4	NA	0.0187743364531289	275.188529040001	1.25768280009912	69.6914315369285	1.0	3.58124297987965
137-16-6	NA	0.147540382855176	271.214743788	-4.58385320749115	28.4896168780945	2.0	1.79905242271129
68-23-5	NA	0.101914844614222	298.193280072001	1.33265625281686	190.826731809854	1.0	2.86079898499991
5975-78-0	0.18	0.0375285630940968	320.162373868001	1.35254663507275	150.772904079205	1.0	3.2196768422505
5392-28-9	NA	0.913787655588054	140.081044256	-5.00162534713766	265.116194949318	1.0	-1.49553082527528
65558-69-2	NA	0.334133012078062	195.079647288	0.943597277747553	211.588652139918	1.0	-0.8763927357025
520-18-3	NA	0.0104222116030288	286.04773804	1.43405216297129	259.994467001783	1.0	0.552252420514044
107-21-1	NA	0.960518094892472	62.036779432	1.14173263529175	-13.7504282492978	1.0	-1.34281769136371
57-63-6	5.373035714285719E-4	0.0267755237378738	296.177630008001	1.05028538669794	188.466936716882	1.0	3.66687557150716
65-04-3	NA	0.374056718610674	302.224580200001	1.36679047012944	155.456216765681	1.0	3.56282252793221
101-86-0	NA	0.0117805793897513	216.15141526	0.860002619167294	43.721192800825	0.0	3.98929303590688
141-43-5	NA	0.936550900701908	61.052763844	1.14184184107109	10.3152071558637	1.0	-3.52284067275884
106-31-0	NA	0.212908648510589	158.094294308	-1.08300750922939	-64.2369211790369	0.0	1.52682183785191
104-40-5	133.0	0.0115015166788502	220.182715388	-0.217139135185038	51.882530049788	1.0	5.68626004707405
3398-33-2	NA	0.198179694516982	184.14632988	-2.70286277405189	70.3086066226633	1.0	1.67133654838184
594-61-6	NA	0.988973539564413	104.047344116	1.26478914845059	69.6724905897299	1.0	-3.54184044463369
2312-35-8	NA	0.113717397484952	350.155180312001	-0.964922318255738	175.305706247822	0.0	4.8820000858581
6385-62-2	NA	0.57493463486697	184.100048384	-0.41521483877257	267.143510692616	1.0	1.0525831842381
105-34-0	NA	0.937613243261296	99.0320284	1.13962776311891	-19.1955970566401	1.0	-0.821849097965797
103-85-5	NA	0.548795505937635	152.040819256	0.654894130607267	161.630200503803	1.0	0.919816138067391
111-87-5	NA	0.241244484759401	130.135765196	1.56082297151045	-22.4826271651947	1.0	2.99255206330355
62-73-7	NA	0.514633427607082	219.945900694	-0.49093925159783	-51.138239792682	0.0	1.38463563137694
52315-07-8	NA	0.0140204335896576	415.074198828001	0.784188513337896	84.7754266944348	1.0	5.54459372567196
3446-89-7	NA	0.165914451614271	152.029585876	1.15728623435053	78.5345688938733	0.0	2.43036749217534
10605-21-7	NA	0.432949416933233	191.069476528	1.18213530480731	170.494201581993	2.0	-0.367347872904122
57837-19-1	NA	0.679426985014034	279.147058152001	0.21816931589816	67.2922547758874	1.0	1.76598515743481
51218-45-2	NA	0.167997386590063	283.133906624001	1.40559306390846	-8.1896416323408	1.0	3.23152281382548
2664-55-3	NA	0.183058849558968	198.161979944	1.36538275221119	-46.1883731584295	0.0	4.23521161861565
56-55-3	1.0	0.0123856399954853	228.093900384	1.19675770760188	216.836381742936	0.0	5.75899401640732
479-13-0	NA	0.0269162041431581	268.037173356	1.49149266205635	259.317630680707	1.0	3.22886355446928
101-83-7	NA	0.307800538463243	181.183049736	0.36563722438687	-0.14741557358686	1.0	0.914272449492933
319-85-7	3.0	0.0642398114336842	287.860066272	1.13741938467044	76.7529017135049	0.0	3.66037742670346
97-53-0	NA	0.156187176556255	164.083729624	1.81655386336665	-0.143535703665064	1.0	2.39584976424164
109-99-9	NA	0.87236674399863	72.057514876	1.13565182621156	-105.519854987824	0.0	0.550325569507667
52918-63-5	NA	0.010475969735376	502.973167668	0.75875800856952	96.1409653375533	1.0	4.22790210251828
63-05-8	NA	0.180083230417537	286.193280072001	1.45217926572923	146.248095739035	0.0	2.87315995875429
16752-77-5	NA	0.571477613055836	162.04629856	0.899759451159111	77.3302966450169	1.0	0.581327316293263
623-39-2	NA	0.967913410389536	106.06299418	-5.55930826933133	-29.4944176667185	1.0	-1.11840097044604
57-85-2	NA	0.473698644563648	344.235144884001	1.39145015389607	125.219812707899	0.0	4.26368646370491
20830-75-5	NA	0.628398543655511	780.429606728002	-6.4945726642431	222.649339524303	1.0	1.40120035723604
80-46-6	200.516681125	0.0117873789582812	164.120115132	1.27219472407657	75.5857194841522	1.0	3.54680338773616
32809-16-8	NA	0.185825157498233	283.016683952	-0.143104399426682	155.189898933318	1.0	3.14965947728982
55-56-1	NA	0.526335452096437	504.203196320001	1.17543655789452	143.944886506078	1.0	0.161467584453375
103-63-9	NA	0.381611197102376	183.988762388	-0.336910760537432	-29.1705272441588	0.0	3.11802210616806
120-47-8	180.0	0.117137857704708	166.06299418	1.70072905505412	102.893114673238	1.0	2.23513521981223
501-53-1	NA	0.057424412727471	170.013457144	-0.612751595735553	41.2920016054552	0.0	1.66182044904326
80-62-6	NA	0.907353323321893	100.052429496	1.12223654922663	-68.2544383818347	0.0	1.1884373011392
42422-68-4	0.06	0.18233572155402	322.178023932001	1.40426211745448	110.526272364691	1.0	3.30760994236458
104-54-1	NA	0.203865301504565	134.07316494	0.85314654084785	30.5013028146676	1.0	1.87230939721581
52-86-8	NA	0.130939898917408	375.140134876001	0.389671129688612	149.626698504939	1.0	1.70924360416133
521-18-6	73.39999999999999	0.265372467614529	290.224580200001	1.44926410856833	172.515748934256	1.0	3.5689681054718
104-43-8	39.90699775666667	0.378273068600122	262.22966558	1.04807557618535	62.2840197222336	1.0	7.96230373216032
115-32-2	NA	0.0153694668896041	367.909603308	0.537863652075983	75.7196782359922	1.0	5.35982245965241
3785-34-0	NA	0.513723038624646	301.878932936	0.594838220202966	12.5398083784008	0.0	0.833846690554232
122-14-5	NA	0.00708966137315133	277.017380114	1.01588706619314	10.0175766409474	1.0	3.31810512606153
5392-40-5	NA	0.0519529768965686	152.120115132	1.37093605831141	12.2909350606433	0.0	3.07272548910912
103-90-2	NA	0.883210971043353	151.063328528	0.259351341862811	162.057250347318	1.0	0.540602981147218
85-60-9	NA	0.00526427335960911	382.287180456001	1.18407446198228	114.382377944114	1.0	7.97109135940654
14371-10-9	NA	0.148919079499868	132.057514876	0.79416708609157	13.4246842430487	0.0	1.85033939196443
474-86-2	2.0	0.0436612634691308	268.14632988	1.34570227482261	240.461700639915	1.0	3.58376257222244
29911-27-1	NA	0.604800851939856	176.1412445	0.601217172187928	-7.5811149689134	1.0	1.29213175273187
85-68-7	NA	0.0136081894698528	312.136159120001	-0.564443550544092	77.3861917393544	0.0	4.46008862385422
90357-06-5	NA	0.0463989405370453	430.061040808	-0.771531140620724	177.239516378717	1.0	3.14616451762831
6424-85-7	NA	0.0707538027304569	451.083806264	-2.43219719370452	222.3307739785	1.0	-0.457374505640636
919-30-2	NA	0.292081434815579	221.144720126	-0.400350998788974	96.2975639289413	1.0	0.64378451281989
10540-29-1	0.12303349999999998	0.0199087758784235	371.224914548001	0.925425949626645	93.624902508273	1.0	3.86478451015742
1478-61-1	6.010593398	0.025284253117094	336.05849888	-0.147999510162964	164.440794382585	1.0	4.03516952720515
328-50-7	NA	0.851898197025835	146.021523292	-2.6953445664525	143.74487050003	1.0	-6.21474917690806
10418-03-8	NA	0.0896814183166822	328.251463644001	1.2816535811304	197.120520837532	1.0	2.73994647907587
1861-40-1	NA	0.00690145339333786	335.109290652	1.15614231631147	56.6216078721601	1.0	1.8743210256785
789-02-6	88.33333333333333	0.0662191201905101	351.914688688	1.19350853727879	104.47675710467	0.0	6.91425201805281
434-22-0	NA	0.219573616646793	274.193280072001	1.30422771081105	137.930515717293	1.0	2.75414706764529
80-09-1	19.939945514999998	0.0395032899520331	250.0299798	1.47095072807702	244.646857030103	1.0	-0.618974836728146
486-66-8	600.0	0.0185995250882712	254.0579088	0.987985339215939	271.264384165592	1.0	3.21078243598762
302-95-4	NA	0.0296192990891395	392.292659760001	-1.88667927113461	188.110690308401	1.0	2.15995637292349
71-36-3	NA	0.98773556390466	74.07316494	1.13518881061356	-93.9249345430808	1.0	0.85087626428796
556-67-2	250.0	0.022246428182749	296.075165368001	-3.67612398315404	13.2508384290271	0.0	6.84454716353771
97-90-5	NA	0.303942651064537	198.089208928	0.810157016128101	58.5764737318769	0.0	1.53579027570123
78-90-0	NA	0.855697104346137	74.08439832	1.14065903795283	22.7309090273423	1.0	-4.03214622196151
87-86-5	NA	0.00520559224166553	263.847003052	0.997849926187489	158.527489345647	1.0	4.44227459531714
50-22-6	NA	0.140802814521458	346.214409440001	1.05720578395264	190.228839263626	1.0	2.07105627230834
